[311, 350, 392, 586, 588, 589, 655, 730]
[392, 468, 655, 730]
[392, 588, 655]
[311, 392, 562, 655]
[311, 343, 350, 392, 468, 588, 655, 730]
[311, 360, 392, 655]
[311, 360, 468, 655, 730]
[311, 360, 392, 468, 588, 655, 730]
[311, 343, 350, 586, 588, 655, 730]
[311, 350, 360, 468, 655, 730]
[311, 343, 468, 586, 655]
[350, 360, 562, 655, 730]
[350, 360, 562, 586, 588, 655]
[311, 350, 360, 468, 588, 655, 730]
[311, 586, 655]
[562, 586, 655]
[311, 387, 562, 588, 655]
[311, 387, 588, 655, 730]
[311, 387, 433, 588, 636, 655]
[311, 433, 586, 636, 655, 730]
[311, 387, 433, 588, 636, 655]
[433, 588, 636, 655]
[387, 588, 636, 655]
[311, 343, 387, 586, 588, 655, 730]
[343, 387, 586, 588, 636, 655]
[311, 387, 586, 636, 655]
[311, 387, 655, 730]
[311, 343, 387, 433, 562, 586, 588, 636]
[311, 343, 433, 562, 655]
[433, 503, 510, 562, 588, 636, 655, 730]
[311, 343, 433, 510, 562, 588, 636]
[343, 419, 510, 562, 636, 655, 730]
[510, 562, 588, 655, 730]
[419, 510, 562, 655, 730]
[510, 562, 636, 655, 730]
[387, 402, 510, 562, 636, 655, 730]
[402, 442, 510, 562, 636, 655, 730]
[387, 419, 442, 510, 562, 636, 655, 730]
[343, 387, 402, 419, 562, 730]
[343, 387, 419, 562, 730]
[387, 402, 419, 510, 562, 636, 655]
[343, 349, 402, 419, 510, 588, 636, 655, 730]
[349, 419, 562, 588, 636, 655, 730]
[343, 349, 365, 442, 510, 588, 636, 655, 730]
[343, 349, 387, 402, 419, 442, 510, 562, 588, 636, 655]
[343, 349, 387, 402, 442, 730]
[343, 349, 365, 510, 562, 655, 730]
[343, 349, 387, 402, 419, 442, 510, 588, 636, 655, 730]
[343, 349, 387, 402, 442, 510, 588, 636]
[343, 349, 387, 419, 510, 588, 636, 650]
[343, 349, 387, 402, 419, 442, 510, 562, 588, 636, 655]
[343, 349, 442, 510, 562, 588, 636, 655, 730]
[343, 349, 365, 402, 562, 588, 636, 655]
[343, 349, 442, 562, 588, 636, 655]
[343, 349, 365, 442, 510, 562, 586, 636, 647, 655]
[343, 349, 387, 402, 510, 562, 586, 588, 647, 654, 655, 695, 730]
[343, 349, 387, 402, 510, 562, 586, 588, 647, 655, 695]
[343, 349, 387, 402, 510, 562, 588, 654]
[343, 349, 365, 387, 402, 510, 562, 586, 647, 654, 655, 695, 726, 730]
[387, 402, 459, 510, 562, 586, 588, 636, 654, 726, 730]
[343, 365, 387, 393, 402, 459, 510, 588, 654, 655, 695, 730]
[343, 387, 393, 402, 459, 510, 588, 655]
[343, 365, 387, 393, 402, 459, 510, 562, 588, 636, 655]
[343, 387, 393, 402, 459, 562, 654, 655, 726, 730]
[387, 393, 402, 442, 459, 562, 588, 636, 654, 655, 730]
[343, 393, 402, 442, 459, 510, 562, 588, 636, 654, 726, 730]
[343, 402, 442, 497, 510, 562, 588, 654, 655, 726, 730]
[343, 387, 393, 402, 442, 497, 654, 655, 730]
[402, 442, 510, 562, 588, 654, 664, 726, 730]
[387, 402, 442, 510, 562, 588, 636]
[402, 442, 510, 588, 636, 664]
[343, 365, 402, 588, 655, 664, 730]
[343, 365, 402, 442, 562, 588, 636, 655, 664, 726]
[402, 442, 562, 588, 636, 726, 730]
[387, 402, 442, 510, 562, 588, 636, 664]
[343, 393, 402, 562, 588, 636, 664, 726]
[343, 393, 402, 442, 588, 636, 664, 726]
[337, 393, 442, 562, 588, 636, 664, 726]
[337, 387, 409, 442, 510, 588, 726, 730]
[337, 343, 409, 442, 562, 588, 655, 664, 726, 730]
[337, 387, 409, 442, 510, 562, 588, 636, 664]
[337, 387, 409, 588, 664, 684]
[365, 387, 409, 442, 547, 562, 588, 654, 655, 684]
[337, 393, 409, 547, 562, 636, 654, 664, 730]
[337, 387, 393, 409, 442, 547, 588, 664, 684]
[337, 387, 393, 442, 547, 562, 588, 654, 664, 684, 730]
[337, 343, 387, 393, 409, 442, 547, 636, 654, 655, 730]
[337, 387, 442, 547, 562, 654, 684, 730]
[337, 387, 409, 562, 655]
[337, 387, 409, 442, 562, 636, 654, 655, 664, 684, 730]
[409, 442, 547, 654, 655, 684]
[337, 365, 409, 442, 547, 562, 654, 655, 664, 684]
[387, 442, 547, 636, 654, 655, 664, 684, 730]
[343, 365, 387, 442, 547, 636, 654, 655, 664, 730]
[337, 343, 387, 409, 442, 547, 654, 655, 664, 684]
[337, 387, 409, 442, 547, 636, 655, 684]
[337, 365, 442, 636, 655, 664, 730]
[337, 365, 393, 442, 654, 684, 730]
[337, 365, 393, 409, 442, 654, 655, 664, 684]
[393, 442, 636, 654, 684, 730]