[311, 350, 392, 586, 588, 589, 655, 730]
[311, 392, 468, 586, 589, 655, 730]
[311, 360, 392, 586, 589, 655]
[392, 589, 655, 730]
[392, 468, 655, 730]
[392, 589, 655, 730]
[311, 392, 586, 589, 655, 730]
[360, 392, 589, 655, 730]
[392, 586, 589, 655, 730]
[392, 586, 589, 655, 730]
[392, 468, 655, 730]
[392, 468, 586, 655, 730]
[350, 392, 586, 655, 730]
[392, 586, 655, 730]
[350, 392, 468, 562, 655]
[392, 562, 586, 655, 730]
[392, 468, 562, 655]
[350, 392, 655]
[392, 468, 562, 655]
[350, 392, 468, 586, 655]
[392, 588, 655]
[392, 468, 562, 655]
[311, 350, 392, 655]
[392, 562, 655]
[311, 392, 655]
[311, 350, 392, 655]
[392, 655]
[392, 655]
[392, 468, 555, 655]
[392, 586, 588, 655]
[311, 392, 562, 655]
[392, 655, 730]
[392, 468, 655]
[392, 468, 655]
[311, 392, 468, 655]
[311, 392, 468, 655, 730]
[311, 392, 655]
[311, 392, 468, 655]
[311, 343, 392, 468, 655]
[311, 350, 392, 468, 655, 730]
[311, 343, 350, 392, 468, 588, 655, 730]
[311, 343, 350, 360, 392, 468, 588, 655, 730]
[311, 350, 360, 392, 588, 655, 730]
[350, 360, 468, 588, 655]
[350, 360, 392, 588, 655]
[311, 350, 360, 655, 730]
[311, 360, 588, 655]
[311, 360, 562, 588, 655]
[360, 588, 655]
[360, 392, 655]
[311, 360, 392, 655]
[360, 392, 468, 588, 655, 730]
[311, 360, 392, 468, 588, 655, 730]
[311, 360, 392, 468, 588, 655, 730]
[311, 360, 392, 588, 655]
[311, 360, 392, 588, 655]
[311, 360, 392, 588, 655, 730]
[311, 343, 360, 392, 588, 655]
[350, 360, 392, 468, 655]
[311, 360, 392, 468, 655, 730]
[311, 360, 468, 655, 730]
[311, 360, 468, 588, 655]
[311, 468, 588, 655, 730]
[311, 343, 392, 468, 655, 730]
[311, 468, 562, 655, 730]
[311, 468, 655, 730]
[311, 468, 588, 655]
[311, 392, 468, 655, 730]
[311, 392, 655]
[311, 392, 468, 655]
[311, 360, 392, 468, 588, 655, 730]
[311, 343, 350, 360, 392, 588, 655, 730]
[311, 343, 360, 392, 588, 655, 730]
[311, 343, 392, 468, 588, 655, 730]
[343, 392, 588, 655]
[343, 360, 392, 588, 655, 730]
[392, 588, 655, 730]
[343, 392, 588, 655, 730]
[311, 343, 350, 392, 588, 655, 730]
[343, 350, 586, 655, 730]
[311, 343, 350, 586, 588, 655, 730]
[343, 350, 655, 730]
[311, 343, 350, 360, 468, 655, 730]
[311, 468, 586, 655, 730]
[311, 343, 468, 655, 730]
[311, 343, 360, 468, 655, 730]
[311, 343, 350, 360, 468, 588, 655, 730]
[311, 350, 360, 468, 655, 730]
[311, 360, 468, 655, 730]
[311, 343, 468, 655, 730]
[311, 350, 360, 468, 655, 730]
[311, 343, 350, 360, 468, 655]
[311, 343, 350, 360, 468, 655]
[311, 350, 468, 655, 730]
[311, 468, 562, 655, 730]
[311, 468, 655, 730]
[311, 360, 562, 588, 655]
[311, 562, 655]
[311, 343, 360, 468, 655]
[311, 343, 350, 588, 655]