[311, 343, 349, 350, 360, 392, 468, 562, 586, 588, 589, 655, 690, 730]
[311, 330, 350, 360, 392, 405, 468, 551, 555, 562, 586, 588, 589, 620, 655, 730]
[311, 343, 350, 360, 366, 391, 392, 468, 555, 562, 586, 588, 589, 620, 655, 690, 730]
[311, 350, 360, 392, 468, 472, 555, 562, 586, 588, 589, 605, 655, 730]
[311, 343, 350, 360, 392, 468, 555, 562, 586, 588, 589, 634, 655, 730]
[311, 343, 350, 360, 392, 468, 562, 586, 588, 589, 605, 634, 655, 730]
[311, 343, 350, 360, 392, 468, 562, 586, 588, 589, 655, 730]
[311, 343, 350, 360, 390, 392, 468, 562, 588, 589, 652, 655, 681, 699, 707, 730]
[311, 343, 350, 360, 392, 468, 562, 586, 588, 655, 730]
[311, 343, 350, 360, 468, 562, 586, 588, 655, 730]
[311, 343, 350, 360, 468, 562, 586, 588, 655, 730]
[311, 343, 350, 360, 468, 562, 586, 588, 655, 700, 730]
[311, 343, 350, 360, 468, 496, 562, 586, 588, 655, 730]
[311, 343, 350, 360, 468, 562, 586, 588, 655, 730]
[311, 343, 360, 450, 468, 540, 557, 562, 586, 588, 655, 730]
[311, 343, 360, 370, 461, 562, 586, 588, 655, 730]
[311, 343, 360, 387, 562, 586, 588, 592, 655, 730]
[311, 343, 360, 387, 408, 433, 562, 586, 588, 592, 636, 655, 700, 730]
[311, 343, 360, 387, 433, 562, 586, 588, 636, 655, 700, 730]
[311, 343, 360, 387, 433, 501, 562, 586, 588, 592, 636, 655, 730]
[311, 343, 387, 433, 461, 501, 562, 586, 588, 589, 592, 636, 655, 730]
[311, 322, 343, 383, 387, 433, 496, 505, 562, 586, 588, 589, 636, 655, 715, 730]
[311, 322, 343, 361, 383, 387, 433, 562, 586, 588, 636, 655, 730]
[311, 322, 330, 343, 361, 387, 433, 562, 586, 588, 589, 636, 655, 730]
[311, 343, 387, 433, 496, 562, 586, 588, 589, 636, 655, 730]
[311, 343, 387, 390, 433, 562, 586, 588, 592, 636, 655, 730]
[311, 330, 343, 387, 433, 561, 562, 586, 588, 592, 636, 655, 730]
[311, 343, 387, 433, 562, 586, 588, 635, 636, 655, 730]
[311, 343, 387, 433, 510, 562, 586, 588, 589, 636, 655, 730]
[311, 343, 387, 433, 503, 510, 562, 586, 588, 636, 641, 655, 730]
[311, 343, 365, 387, 426, 433, 503, 510, 562, 586, 588, 636, 655, 667, 707, 730]
[311, 343, 365, 387, 419, 426, 433, 503, 510, 562, 579, 586, 588, 636, 655, 666, 730]
[343, 349, 365, 387, 419, 426, 433, 510, 562, 586, 588, 636, 655, 730]
[343, 349, 365, 387, 419, 426, 433, 509, 510, 562, 586, 588, 636, 655, 667, 730]
[343, 349, 361, 365, 387, 402, 419, 510, 562, 586, 588, 636, 655, 667, 730]
[343, 365, 387, 402, 419, 426, 442, 510, 562, 586, 588, 636, 655, 730]
[317, 343, 365, 387, 402, 419, 442, 510, 562, 586, 588, 636, 655, 730]
[317, 343, 349, 365, 387, 390, 402, 419, 426, 442, 510, 528, 562, 586, 635, 636, 655, 671, 730]
[343, 349, 365, 387, 402, 419, 442, 510, 562, 586, 588, 636, 655, 730]
[343, 349, 365, 387, 402, 419, 426, 442, 510, 562, 586, 588, 636, 655, 730]
[343, 349, 365, 387, 402, 419, 442, 510, 562, 586, 588, 636, 655, 730]
[343, 349, 351, 365, 379, 387, 402, 419, 442, 510, 562, 586, 588, 636, 655, 730]
[343, 349, 365, 387, 402, 419, 442, 510, 562, 586, 588, 636, 642, 655, 705, 727, 730]
[343, 349, 365, 387, 402, 419, 442, 510, 562, 586, 588, 636, 655, 730]
[343, 349, 365, 387, 402, 419, 442, 510, 562, 586, 588, 636, 655, 730]
[343, 349, 365, 385, 387, 402, 419, 442, 510, 562, 586, 588, 616, 636, 655, 730]
[343, 349, 365, 387, 402, 419, 432, 442, 445, 510, 562, 586, 588, 636, 655, 730]
[343, 349, 365, 379, 387, 402, 419, 442, 445, 510, 554, 562, 586, 588, 616, 636, 650, 655, 730]
[343, 349, 365, 385, 387, 402, 419, 442, 449, 502, 510, 562, 586, 588, 636, 650, 655, 669, 730]
[343, 349, 365, 387, 402, 419, 438, 442, 510, 562, 586, 588, 636, 650, 655, 730]
[338, 343, 349, 357, 365, 387, 402, 419, 442, 460, 497, 510, 562, 586, 588, 636, 650, 655, 669, 693, 730, 734]
[343, 349, 365, 387, 402, 442, 510, 562, 586, 588, 636, 647, 654, 655, 730]
[343, 349, 365, 387, 402, 428, 442, 497, 510, 562, 586, 588, 636, 647, 650, 654, 655, 669, 712, 730]
[343, 349, 365, 387, 402, 405, 442, 488, 510, 562, 586, 588, 636, 647, 654, 655, 695, 712, 730]
[343, 349, 365, 387, 402, 442, 510, 562, 586, 588, 636, 647, 654, 655, 668, 695, 730]
[343, 349, 365, 387, 393, 402, 442, 510, 562, 586, 588, 636, 647, 654, 655, 695, 730]
[343, 349, 365, 367, 387, 393, 402, 442, 458, 510, 562, 586, 588, 636, 647, 654, 655, 695, 700, 730, 732]
[343, 349, 365, 387, 393, 402, 442, 454, 510, 562, 586, 588, 636, 647, 654, 655, 695, 726, 730, 732]
[343, 349, 365, 387, 393, 402, 442, 510, 562, 586, 588, 636, 647, 654, 655, 695, 726, 730]
[343, 349, 365, 387, 393, 402, 442, 459, 510, 562, 586, 588, 636, 647, 654, 655, 695, 726, 730]
[343, 365, 387, 393, 402, 442, 459, 510, 562, 586, 588, 600, 636, 647, 654, 655, 671, 695, 712, 726, 730]
[343, 349, 365, 387, 393, 402, 442, 459, 510, 562, 586, 588, 636, 647, 654, 655, 695, 726, 730]
[322, 338, 343, 365, 387, 393, 402, 442, 459, 510, 562, 586, 588, 636, 647, 649, 654, 655, 726, 730]
[343, 365, 387, 393, 402, 442, 445, 459, 510, 562, 586, 588, 636, 654, 655, 671, 726, 730]
[343, 365, 387, 393, 402, 442, 459, 497, 510, 562, 586, 588, 636, 647, 654, 655, 726, 730]
[343, 365, 387, 393, 402, 409, 442, 459, 497, 510, 562, 586, 588, 636, 654, 655, 726, 730]
[329, 343, 365, 387, 393, 402, 442, 497, 510, 562, 588, 636, 654, 655, 726, 730]
[337, 338, 343, 365, 387, 393, 402, 442, 497, 510, 562, 588, 636, 654, 655, 664, 726, 730]
[337, 343, 365, 387, 393, 402, 442, 454, 510, 562, 588, 636, 654, 655, 664, 680, 726, 730]
[329, 337, 338, 342, 343, 365, 382, 387, 393, 402, 442, 445, 497, 510, 562, 588, 601, 634, 636, 654, 655, 664, 705, 726, 730]
[343, 365, 387, 393, 402, 442, 510, 562, 588, 636, 639, 654, 655, 664, 726, 730]
[337, 343, 365, 387, 393, 402, 442, 510, 516, 562, 576, 588, 636, 654, 655, 664, 726, 730]
[343, 365, 382, 387, 393, 402, 442, 454, 510, 562, 588, 621, 636, 654, 655, 664, 726, 730]
[343, 365, 382, 387, 393, 402, 442, 510, 562, 563, 588, 636, 654, 655, 664, 726, 730]
[343, 365, 387, 393, 402, 442, 454, 510, 562, 588, 593, 636, 654, 655, 664, 726, 730]
[337, 343, 365, 387, 393, 402, 409, 442, 510, 562, 588, 636, 654, 655, 664, 726, 730]
[316, 337, 343, 365, 387, 393, 402, 409, 442, 562, 588, 593, 636, 654, 655, 664, 726, 730]
[337, 343, 365, 382, 387, 393, 402, 409, 442, 510, 562, 588, 593, 620, 636, 654, 655, 664, 712, 726, 730]
[337, 343, 365, 387, 393, 409, 442, 510, 562, 588, 636, 654, 655, 664, 712, 726, 730]
[316, 337, 343, 365, 387, 393, 409, 442, 497, 510, 562, 588, 636, 654, 655, 664, 726, 730]
[337, 343, 365, 387, 393, 409, 442, 510, 562, 588, 636, 654, 655, 664, 726, 730]
[337, 343, 365, 387, 393, 409, 442, 454, 510, 543, 562, 588, 593, 613, 636, 654, 655, 664, 684, 726, 730]
[337, 343, 365, 387, 393, 409, 413, 442, 455, 510, 547, 562, 588, 636, 654, 655, 664, 684, 726, 730]
[337, 343, 365, 387, 393, 409, 413, 442, 454, 547, 562, 573, 588, 636, 654, 655, 664, 684, 726, 730]
[337, 343, 344, 365, 387, 393, 409, 442, 547, 562, 588, 636, 654, 655, 664, 684, 712, 717, 726, 730]
[337, 338, 343, 365, 387, 393, 409, 442, 454, 497, 547, 562, 588, 636, 654, 655, 664, 684, 712, 726, 730]
[337, 343, 365, 387, 393, 409, 442, 454, 547, 562, 588, 636, 654, 655, 664, 684, 712, 726, 730]
[337, 343, 365, 387, 393, 409, 437, 442, 454, 547, 562, 588, 636, 654, 655, 664, 684, 712, 726, 730]
[337, 343, 365, 387, 409, 437, 442, 547, 562, 636, 654, 655, 664, 684, 730]
[337, 343, 365, 387, 409, 415, 442, 547, 562, 636, 654, 655, 664, 684, 730]
[337, 365, 387, 393, 409, 415, 442, 455, 547, 562, 636, 654, 655, 664, 684, 722, 730]
[337, 343, 365, 387, 393, 409, 442, 547, 562, 636, 654, 655, 664, 684, 730]
[337, 343, 365, 387, 409, 442, 466, 547, 636, 654, 655, 664, 684, 730]
[337, 343, 365, 387, 393, 409, 442, 547, 636, 654, 655, 663, 664, 684, 730]
[337, 343, 365, 387, 409, 442, 547, 636, 654, 655, 664, 684, 730]
[337, 343, 365, 387, 409, 442, 462, 547, 636, 654, 655, 664, 684, 730]
[337, 365, 387, 393, 409, 442, 547, 636, 654, 655, 664, 684, 730]
[337, 349, 365, 387, 393, 409, 442, 509, 547, 636, 654, 655, 664, 684, 705, 730]
[336, 337, 365, 387, 393, 409, 442, 539, 547, 636, 654, 655, 664, 684, 691, 730]
[336, 337, 365, 387, 393, 409, 442, 547, 622, 636, 654, 655, 664, 684, 730]
[337, 365, 387, 393, 409, 442, 547, 622, 636, 654, 664, 684, 730]
