[311, 343, 349, 350, 360, 392, 468, 562, 586, 588, 589, 655, 730]
[311, 343, 350, 360, 392, 468, 562, 586, 588, 589, 655, 730]
[311, 343, 350, 360, 392, 562, 586, 588, 589, 655, 730]
[311, 360, 392, 468, 562, 586, 589, 655, 730]
[311, 360, 392, 468, 586, 588, 589, 655, 730]
[311, 392, 468, 586, 589, 655, 730]
[311, 350, 360, 392, 468, 586, 589, 655, 730]
[311, 343, 350, 360, 392, 562, 586, 588, 589, 655, 730]
[311, 392, 562, 586, 588, 589, 655, 730]
[311, 350, 392, 468, 586, 588, 589, 655, 730]
[350, 392, 468, 586, 655, 730]
[311, 350, 392, 468, 586, 589, 655, 730]
[311, 350, 392, 468, 562, 586, 655, 730]
[311, 350, 360, 392, 468, 562, 586, 655, 730]
[311, 350, 392, 468, 562, 586, 588, 655, 730]
[392, 468, 562, 586, 588, 655, 730]
[311, 392, 468, 562, 586, 588, 655]
[311, 350, 392, 468, 586, 588, 655, 730]
[311, 350, 392, 468, 562, 586, 588, 655, 730]
[311, 350, 392, 468, 562, 586, 588, 655, 730]
[311, 350, 392, 468, 562, 586, 588, 589, 655, 730]
[311, 350, 392, 468, 562, 586, 588, 655, 730]
[311, 350, 392, 468, 562, 586, 588, 655, 730]
[311, 350, 392, 562, 586, 655, 730]
[311, 350, 392, 562, 655, 730]
[311, 350, 360, 392, 562, 655, 730]
[311, 360, 392, 468, 562, 588, 655]
[311, 350, 392, 555, 562, 588, 655]
[311, 350, 360, 392, 468, 555, 562, 588, 655]
[311, 350, 392, 468, 562, 586, 588, 655]
[311, 350, 392, 562, 586, 588, 655, 730]
[311, 350, 392, 468, 562, 586, 588, 655, 730]
[311, 350, 392, 468, 562, 655]
[311, 350, 360, 392, 468, 562, 586, 588, 655, 730]
[311, 350, 360, 392, 468, 562, 586, 588, 655, 730]
[311, 350, 360, 392, 468, 562, 586, 655, 730]
[311, 350, 360, 392, 468, 655, 730]
[311, 350, 360, 392, 468, 655, 730]
[311, 343, 350, 360, 392, 468, 562, 655, 730]
[311, 343, 350, 360, 392, 468, 562, 588, 655, 730]
[311, 343, 350, 360, 392, 468, 562, 588, 655, 730]
[311, 343, 350, 360, 392, 468, 562, 586, 588, 655, 730]
[311, 343, 350, 360, 392, 468, 562, 586, 588, 655, 730]
[311, 343, 350, 360, 392, 468, 562, 586, 588, 589, 655, 730]
[311, 343, 350, 360, 392, 468, 562, 588, 655, 730]
[311, 343, 350, 360, 392, 468, 586, 588, 655, 730]
[311, 343, 350, 360, 468, 562, 588, 655]
[311, 350, 360, 392, 468, 562, 588, 655, 730]
[311, 350, 360, 392, 562, 586, 588, 655]
[311, 343, 350, 360, 392, 468, 562, 586, 588, 655, 730]
[311, 343, 350, 360, 392, 562, 588, 655, 730]
[311, 343, 350, 360, 392, 468, 562, 588, 655, 730]
[311, 350, 360, 392, 468, 588, 655, 730]
[311, 350, 360, 392, 468, 588, 655, 730]
[311, 343, 350, 360, 392, 468, 588, 655, 671, 730]
[311, 343, 360, 392, 468, 555, 588, 655, 730]
[311, 343, 350, 360, 392, 468, 588, 655, 730]
[311, 343, 350, 360, 392, 468, 588, 655, 730]
[311, 343, 350, 360, 392, 468, 588, 655, 730]
[311, 343, 360, 392, 468, 562, 588, 589, 655, 730]
[311, 343, 360, 392, 468, 562, 588, 589, 655, 730]
[311, 343, 360, 392, 468, 562, 588, 589, 655, 730]
[311, 343, 360, 392, 468, 562, 586, 588, 589, 655, 730]
[311, 343, 350, 360, 392, 468, 562, 588, 655, 730]
[311, 360, 392, 468, 562, 588, 655, 730]
[311, 392, 468, 562, 588, 589, 655, 730]
[311, 343, 392, 468, 562, 588, 589, 655, 730]
[311, 343, 350, 360, 392, 468, 562, 588, 655, 730]
[311, 392, 468, 562, 655, 730]
[311, 360, 392, 468, 588, 589, 655, 730]
[311, 343, 350, 360, 392, 468, 588, 589, 655, 730]
[311, 343, 350, 360, 392, 468, 588, 655, 730]
[311, 343, 350, 360, 392, 468, 588, 589, 655, 730]
[311, 343, 350, 360, 392, 468, 562, 588, 655, 730]
[311, 343, 350, 360, 392, 588, 655, 730]
[311, 343, 350, 360, 392, 588, 655, 730]
[311, 343, 350, 360, 392, 468, 586, 588, 655, 730]
[311, 343, 350, 360, 392, 468, 562, 586, 588, 655, 730]
[311, 343, 350, 360, 392, 468, 586, 588, 655, 730]
[311, 343, 350, 360, 392, 468, 586, 588, 655, 730]
[311, 343, 350, 360, 468, 586, 588, 655, 730]
[311, 343, 350, 360, 392, 468, 586, 588, 655, 730]
[311, 343, 350, 360, 392, 468, 586, 655, 730]
[311, 343, 350, 360, 468, 586, 655, 730]
[311, 343, 350, 360, 468, 586, 655, 730]
[311, 343, 350, 360, 468, 588, 655, 730]
[311, 343, 350, 360, 468, 588, 655, 730]
[311, 343, 350, 360, 468, 655, 730]
[311, 343, 350, 360, 468, 588, 655, 730]
[311, 343, 350, 360, 468, 562, 588, 655, 730]
[311, 343, 350, 360, 468, 562, 588, 655, 730]
[311, 343, 350, 360, 468, 562, 588, 655, 730]
[311, 343, 350, 360, 468, 562, 586, 588, 655, 730]
[311, 343, 350, 360, 468, 586, 588, 655, 730]
[311, 343, 360, 468, 562, 586, 655, 730]
[311, 343, 350, 360, 468, 562, 588, 655, 730]
[311, 350, 360, 468, 562, 586, 588, 655, 730]
[311, 343, 360, 468, 562, 586, 588, 655, 730]
[311, 343, 350, 360, 468, 562, 586, 655, 730]
[311, 343, 350, 360, 468, 586, 588, 655, 730]